,name,description,homepage,github_id,image,category,show,github_url,license,created_at,updated_at,last_commit_pushed_at,fork_count,open_issue_count,closed_issue_count,star_count,latest_stable_release_published_at,latest_stable_release_number,release_count,dependent_project_count,github_dependent_project_count,contributor_count,projectrank,projectrank_placing,trending,commit_count,github_release_downloads,monthly_downloads,updated_github_id
0,tesseract,tesseract-ocr-tesseract.,https://github.com/tesseract-ocr/tesseract,tesseract-ocr/tesseract,./screenshots/tesseract.png,OCR文字识别,True,https://github.com/tesseract-ocr/tesseract,Apache-2.0,2014-08-12 18:04:59,2023-09-13 09:01:46,2023-09-13 09:01:46,8230,388.0,2156.0,53498,2023-07-11 11:58:19,5.3.2,26.0,14.0,14.0,203.0,23,2,4.0,,,,
1,face_recognition,ageitgey face_recognition.,https://github.com/ageitgey/face_recognition,ageitgey/face_recognition,./screenshots/face_recognition.gif,人脸检测与识别,True,https://github.com/ageitgey/face_recognition,MIT,2017-03-03 21:52:39,2023-09-13 13:23:14,2022-06-10 09:12:18,12778,713.0,583.0,49404,2018-04-02 17:18:43,1.2.2,2.0,1609.0,1609.0,54.0,26,2,5.0,238.0,1150.0,14.0,
2,PaddleOCR,PaddlePaddle PaddleOCR.,https://github.com/PaddlePaddle/PaddleOCR,PaddlePaddle/PaddleOCR,./screenshots/PaddleOCR.png,OCR文字识别,True,https://github.com/PaddlePaddle/PaddleOCR,Apache-2.0,2020-05-08 10:38:16,2023-09-25 12:01:14,2023-09-25 08:17:24,6546,793.0,7215.0,33381,2023-09-22 07:27:05,2.7.0,7.0,1804.0,1804.0,149.0,25,1,,,,,
3,openpose,CMU-Perceptual-Computing-Lab openpose.,https://github.com/CMU-Perceptual-Computing-Lab/openpose,CMU-Perceptual-Computing-Lab/openpose,./screenshots/openpose.jpeg,人脸检测与识别,True,https://github.com/CMU-Perceptual-Computing-Lab/openpose,,2017-04-24 14:06:31,2023-08-17 21:31:26,2023-07-15 13:50:23,7417,257.0,1650.0,28191,2020-11-17 05:48:13,1.7.0,15.0,,,105.0,21,2,,709.0,268455.0,3781.0,
4,pytorch-image-models,rwightman pytorch-image-models.,https://github.com/rwightman/pytorch-image-models,rwightman/pytorch-image-models,./screenshots/pytorch-image-models.png,图像分类,True,https://github.com/huggingface/pytorch-image-models,Apache-2.0,2019-02-02 05:51:12,2023-09-24 13:38:52,2023-09-23 17:05:52,4207,65.0,732.0,26905,2023-09-02 19:49:58,0.9.7,49.0,16390.0,16390.0,112.0,30,1,,,5464293.0,105082.0,huggingface/pytorch-image-models
5,waifu2x,nagadomi waifu2x.,https://github.com/nagadomi/waifu2x,nagadomi/waifu2x,./screenshots/waifu2x.jpeg,图像超分辨率,True,https://github.com/nagadomi/waifu2x,MIT,2015-05-17 07:29:15,2023-05-04 00:50:48,2023-02-23 01:32:03,2677,148.0,205.0,26632,2018-11-18 11:21:02,0.13.2,3.0,,,41.0,19,2,,756.0,,,
6,detectron2,facebookresearch detectron2.,https://github.com/facebookresearch/detectron2,facebookresearch/detectron2,./screenshots/detectron2.gif,目标检测,True,https://github.com/facebookresearch/detectron2,Apache-2.0,2019-09-05 21:30:20,2023-09-22 13:24:28,2023-09-15 05:23:39,6629,346.0,3012.0,26375,2021-11-15 22:08:26,0.6,10.0,1378.0,1378.0,258.0,23,2,,,,,
7,open-mmlab-mmdetection,open-mmlab-mmdetection.,https://github.com/open-mmlab/mmdetection,open-mmlab/mmdetection,./screenshots/open-mmlab-mmdetection.png,目标检测,True,https://github.com/open-mmlab/mmdetection,Apache-2.0,2018-08-22 07:06:06,2023-09-25 11:42:06,2023-06-30 07:37:44,8011,950.0,6529.0,25589,2023-06-30 07:41:30,3.1.0,51.0,1728.0,1728.0,411.0,28,1,,2198.0,,,
8,matterport-Mask_RCNN,matterport-Mask_RCNN.,https://github.com/matterport/Mask_RCNN,matterport/Mask_RCNN,./screenshots/matterport-Mask_RCNN.png,目标检测,True,https://github.com/matterport/Mask_RCNN,,2017-10-19 20:28:34,2023-09-21 11:10:11,2019-03-31 22:03:47,10016,1859.0,843.0,23450,2018-03-19 23:26:21,2.1,3.0,13.0,13.0,47.0,24,1,,203.0,1407372.0,19822.0,
9,apollo,ApolloAuto apollo.,https://github.com/ApolloAuto/apollo,ApolloAuto/apollo,./screenshots/apollo.jpeg,自动驾驶,True,https://github.com/ApolloAuto/apollo,Apache-2.0,2017-07-04 19:03:31,2023-09-22 06:01:07,2023-07-14 04:15:50,9002,611.0,3519.0,23394,2022-12-25 10:21:56,8.0.0,11.0,,,408.0,26,1,,19208.0,62946.0,850.0,
10,pytorch-CycleGAN-and-pix2pix,junyanz pytorch-CycleGAN-and-pix2pix.,https://github.com/junyanz/pytorch-CycleGAN-and-pix2pix,junyanz/pytorch-CycleGAN-and-pix2pix,./screenshots/pytorch-CycleGAN-and-pix2pix.png,图图转换ImageTranslation,True,https://github.com/junyanz/pytorch-CycleGAN-and-pix2pix,,2017-04-18 10:33:05,2023-06-03 18:28:28,2023-03-14 20:28:49,5732,492.0,939.0,20657,,,,13.0,13.0,70.0,17,1,,525.0,,,
11,labelImg,tzutalin labelImg.,https://github.com/tzutalin/labelImg,tzutalin/labelImg,./screenshots/labelImg.jpeg,目标检测,True,https://github.com/HumanSignal/labelImg,MIT,2015-09-17 01:33:59,2023-05-31 00:41:28,2022-09-22 22:12:32,5757,393.0,362.0,20640,2018-12-03 05:40:38,1.8.1,2.0,981.0,981.0,109.0,24,1,,449.0,,,HumanSignal/labelImg
12,EasyOCR,JaidedAI EasyOCR.,https://github.com/JaidedAI/EasyOCR,JaidedAI/EasyOCR,./screenshots/EasyOCR.png,OCR文字识别,True,https://github.com/JaidedAI/EasyOCR,Apache-2.0,2020-03-14 11:46:39,2023-09-12 22:16:00,2023-09-04 11:42:16,2656,287.0,579.0,19557,2023-09-04 11:53:04,1.7.1,22.0,3761.0,3761.0,128.0,31,1,,615.0,6425025.0,164744.0,
13,Vision-Transformer,lucidrains vit-pytorch.,https://github.com/lucidrains/vit-pytorch,lucidrains/vit-pytorch,./screenshots/Vision-Transformer.png,图像分类,True,https://github.com/lucidrains/vit-pytorch,MIT,2020-10-03 22:47:24,2023-09-10 16:33:08,2023-09-10 16:32:57,2465,107.0,125.0,15340,2023-09-10 16:33:08,1.4.5,100.0,316.0,316.0,18.0,22,2,,,,,
14,openface,cmusatyalab openface.,https://github.com/cmusatyalab/openface,cmusatyalab/openface,./screenshots/openface.jpeg,人脸检测与识别,True,https://github.com/cmusatyalab/openface,Apache-2.0,2015-09-16 12:47:27,2023-06-14 17:20:44,2023-06-14 17:20:41,3480,9.0,370.0,14788,2016-02-25 17:42:46,0.2.1,4.0,67.0,67.0,30.0,22,2,,735.0,,,
15,PyTorch-GAN,eriklindernoren PyTorch-GAN.,https://github.com/eriklindernoren/PyTorch-GAN,eriklindernoren/PyTorch-GAN,./screenshots/PyTorch-GAN.png,生成对抗网络GAN,True,https://github.com/eriklindernoren/PyTorch-GAN,MIT,2018-04-21 13:06:40,2023-05-24 13:14:03,2021-01-06 16:32:26,3761,106.0,47.0,14687,,,,13.0,13.0,10.0,18,2,,193.0,,,
16,the-gan-zoo,hindupuravinash the-gan-zoo.,https://github.com/hindupuravinash/the-gan-zoo,hindupuravinash/the-gan-zoo,./screenshots/the-gan-zoo.jpeg,生成对抗网络GAN,True,https://github.com/hindupuravinash/the-gan-zoo,MIT,2017-04-14 16:45:24,2022-12-08 02:56:19,2018-09-30 20:02:46,2475,17.0,17.0,13531,,,,13.0,13.0,23.0,19,1,,175.0,,,
17,nni,microsoft nni.,https://github.com/microsoft/nni,microsoft/nni,./screenshots/nni.png,模型压缩与优化,True,https://github.com/microsoft/nni,MIT,2018-06-01 05:51:44,2023-09-14 12:12:06,2023-08-07 02:39:54,1757,314.0,1674.0,13278,2023-05-10 04:36:56,3.0rc1,40.0,474.0,474.0,192.0,26,1,,3011.0,,,
18,facenet,davidsandberg facenet.,https://github.com/davidsandberg/facenet,davidsandberg/facenet,./screenshots/facenet.jpeg,人脸检测与识别,True,https://github.com/davidsandberg/facenet,MIT,2016-02-12 22:14:40,2023-07-24 12:43:21,2018-04-16 17:32:11,4655,497.0,618.0,13203,,,,,,36.0,18,3,,566.0,,,
19,libfacedetection,ShiqiYu libfacedetection.,https://github.com/ShiqiYu/libfacedetection,ShiqiYu/libfacedetection,./screenshots/libfacedetection.png,人脸检测与识别,True,https://github.com/ShiqiYu/libfacedetection,,2015-01-20 07:47:20,2023-08-01 09:55:36,2023-08-01 09:55:36,2954,47.0,272.0,11747,2021-09-24 16:29:39,3.0,2.0,13.0,13.0,23.0,19,3,,208.0,,,
20,facebookresearch-detr,facebookresearch detr.,https://github.com/facebookresearch/detr,facebookresearch/detr,./screenshots/facebookresearch-detr.png,目标检测,True,https://github.com/facebookresearch/detr,Apache-2.0,2020-05-26 23:54:52,2023-09-18 17:43:15,2023-02-07 10:12:31,2049,224.0,284.0,11715,2020-06-29 16:41:01,0.2,1.0,13.0,13.0,26.0,19,3,,42.0,,,
21,PaddleDetection,PaddleDetection.,https://github.com/PaddlePaddle/PaddleDetection,PaddlePaddle/PaddleDetection,./screenshots/PaddleDetection.jpeg,目标检测,True,https://github.com/PaddlePaddle/PaddleDetection,Apache-2.0,2019-10-25 07:21:14,2023-09-24 07:16:39,2023-09-22 06:17:14,2662,1231.0,3832.0,11187,2023-02-23 03:25:22,2.6.0,8.0,110.0,110.0,146.0,21,2,,,,,
22,ganhacks,soumith ganhacks.,https://github.com/soumith/ganhacks,soumith/ganhacks,./screenshots/ganhacks.png,生成对抗网络GAN,True,https://github.com/soumith/ganhacks,,2016-12-09 16:09:27,2022-01-09 06:29:17,2020-03-05 00:50:04,1640,52.0,15.0,11119,,,,13.0,13.0,3.0,14,3,,6.0,,,
23,deep_learning_object_detection,hoya012 deep_learning_object_detection.,https://github.com/hoya012/deep_learning_object_detection,hoya012/deep_learning_object_detection,./screenshots/deep_learning_object_detection.png,目标检测,True,https://github.com/hoya012/deep_learning_object_detection,,2018-09-18 01:37:58,2022-10-19 08:10:29,2021-11-17 07:19:22,2751,4.0,23.0,11100,,,,,,9.0,13,3,-1.0,144.0,,,
24,chineseocr_lite,DayBreak-u chineseocr_lite.,https://github.com/DayBreak-u/chineseocr_lite,DayBreak-u/chineseocr_lite,./screenshots/chineseocr_lite.png,OCR文字识别,True,https://github.com/DayBreak-u/chineseocr_lite,GPL-2.0,2020-02-27 10:01:29,2023-08-14 21:55:50,2023-05-20 22:25:02,2093,231.0,123.0,10912,,,,,,14.0,15,2,,34.0,,,
25,awesome-semantic-segmentation,awesome-semantic-segmentation.,https://github.com/mrgloom/awesome-semantic-segmentation,mrgloom/awesome-semantic-segmentation,./screenshots/awesome-semantic-segmentation.jpeg,图像分割,True,https://github.com/mrgloom/awesome-semantic-segmentation,,2015-10-03 10:07:34,2021-05-08 13:40:11,2021-03-08 14:36:09,2359,6.0,19.0,10071,,,,13.0,13.0,16.0,16,2,,417.0,,,
26,carla,carla-simulator carla.,https://github.com/carla-simulator/carla,carla-simulator/carla,./screenshots/carla.jpeg,自动驾驶,True,https://github.com/carla-simulator/carla,,2017-10-24 09:06:23,2023-09-24 07:40:04,2023-06-06 09:08:21,2906,846.0,3785.0,9674,2022-12-24 02:26:17,0.9.14,25.0,542.0,542.0,153.0,24,2,,5835.0,,,
27,pix2pix,phillipi pix2pix.,https://github.com/phillipi/pix2pix,phillipi/pix2pix,./screenshots/pix2pix.jpeg,图图转换ImageTranslation,True,https://github.com/phillipi/pix2pix,,2016-11-16 22:48:50,2021-06-06 12:09:47,2020-08-05 01:16:42,1653,86.0,119.0,9666,,,,13.0,13.0,17.0,15,2,,130.0,,,
28,Keras-GAN,eriklindernoren Keras-GAN.,https://github.com/eriklindernoren/Keras-GAN,eriklindernoren/Keras-GAN,./screenshots/Keras-GAN.png,生成对抗网络GAN,True,https://github.com/eriklindernoren/Keras-GAN,MIT,2017-07-11 16:24:53,2022-12-12 05:55:51,2021-01-06 16:32:52,3067,123.0,101.0,9025,,,,13.0,13.0,16.0,18,2,,185.0,,,
29,vid2vid,NVIDIA vid2vid.,https://github.com/NVIDIA/vid2vid,NVIDIA/vid2vid,./screenshots/vid2vid.gif,图图转换ImageTranslation,True,https://github.com/NVIDIA/vid2vid,,2018-08-14 23:27:15,2022-05-17 05:09:30,2019-07-03 21:49:56,1183,101.0,65.0,8350,,,,13.0,13.0,4.0,15,2,,65.0,,,
30,PaddleSeg,PaddlePaddle PaddleSeg.,https://github.com/PaddlePaddle/PaddleSeg,PaddlePaddle/PaddleSeg,./screenshots/PaddleSeg.gif,图像分割,True,https://github.com/PaddlePaddle/PaddleSeg,Apache-2.0,2019-08-26 02:32:22,2023-09-25 00:51:41,2023-09-21 02:55:09,1543,306.0,1592.0,7583,2023-04-11 13:27:26,2.8.0,18.0,1009.0,1009.0,117.0,23,2,,,,,
31,U-2-Net,xuebinqin-U-2-Net.,https://github.com/xuebinqin/U-2-Net,xuebinqin/U-2-Net,./screenshots/xuebinqin-U-2-Net.png,目标检测,True,https://github.com/xuebinqin/U-2-Net,Apache-2.0,2020-05-04 17:10:28,2023-01-10 19:40:18,2022-08-25 06:09:58,1261,202.0,118.0,7515,,,,13.0,13.0,13.0,17,3,,280.0,,,
32,PaddleGAN,PaddlePaddle PaddleGAN.,https://github.com/PaddlePaddle/PaddleGAN,PaddlePaddle/PaddleGAN,./screenshots/PaddleGAN.png,生成对抗网络GAN,True,https://github.com/PaddlePaddle/PaddleGAN,Apache-2.0,2020-06-18 10:56:01,2023-08-17 16:04:40,2023-08-17 08:47:20,1193,255.0,74.0,7305,2022-01-04 07:14:10,2.1.0,3.0,,,51.0,19,1,,224.0,,,
33,CenterNet,xingyizhou-CenterNet.,https://github.com/xingyizhou/CenterNet,xingyizhou/CenterNet,./screenshots/xingyizhou-CenterNet.jpeg,目标检测,True,https://github.com/xingyizhou/CenterNet,MIT,2019-04-16 18:39:13,2023-03-02 14:23:04,2022-11-11 04:54:48,1843,430.0,559.0,6979,,,,13.0,13.0,15.0,16,3,,51.0,,,
34,Ultra-Light-Fast-Generic-Face-Detector-1MB,Linzaer Ultra-Light-Fast-Generic-Face-Detector-1MB.,https://github.com/Linzaer/Ultra-Light-Fast-Generic-Face-Detector-1MB,Linzaer/Ultra-Light-Fast-Generic-Face-Detector-1MB,./screenshots/Ultra-Light-Fast-Generic-Face-Detector-1MB.jpeg,人脸检测与识别,True,https://github.com/Linzaer/Ultra-Light-Fast-Generic-Face-Detector-1MB,MIT,2019-10-10 07:40:48,2023-05-29 04:52:10,2022-02-10 06:24:50,1496,121.0,142.0,6823,,,,,,16.0,15,3,,189.0,,,
35,openmmlab-mmsegmentation,openmmlab-mmsegmentation.,https://github.com/open-mmlab/mmsegmentation,open-mmlab/mmsegmentation,./screenshots/open-mmlab-mmsegmentation.png,图像分割,True,https://github.com/open-mmlab/mmsegmentation,Apache-2.0,2020-06-14 04:32:33,2023-09-23 12:59:58,2023-09-20 05:44:56,1969,445.0,1587.0,6453,2023-09-20 05:51:59,1.1.2,42.0,598.0,598.0,164.0,25,1,4.0,581.0,,,
36,UGATIT,taki0112 UGATIT.,https://github.com/taki0112/UGATIT,taki0112/UGATIT,./screenshots/UGATIT.png,图图转换ImageTranslation,True,https://github.com/taki0112/UGATIT,MIT,2019-07-26 00:33:54,2021-05-20 03:23:05,2020-01-16 10:15:30,984,51.0,64.0,6180,,,,13.0,13.0,3.0,15,2,,50.0,,,
37,ESRGAN,xinntao ESRGAN.,https://github.com/xinntao/ESRGAN,xinntao/ESRGAN,./screenshots/ESRGAN.png,图像超分辨率,True,https://github.com/xinntao/ESRGAN,Apache-2.0,2018-08-31 08:18:41,2022-10-19 02:33:55,2021-07-27 19:32:01,915,84.0,42.0,5382,,,,,,,13,3,-1.0,61.0,,,
38,BasicSR,xinntao BasicSR.,https://github.com/xinntao/BasicSR,xinntao/BasicSR,./screenshots/BasicSR.png,图像超分辨率,True,https://github.com/XPixelGroup/BasicSR,Apache-2.0,2018-04-19 18:58:00,2023-09-15 12:41:57,2023-02-02 07:07:47,961,255.0,250.0,5372,2022-08-31 09:43:33,1.4.2,18.0,2618.0,2618.0,19.0,22,1,,516.0,,,XPixelGroup/BasicSR
39,facebookresearch-mmf,facebookresearch mmf.,https://github.com/facebookresearch/mmf,facebookresearch/mmf,./screenshots/facebookresearch-mmf.png,图文转换ImageCaptioning与视觉问答VQA,True,https://github.com/facebookresearch/mmf,,2018-06-27 04:52:40,2023-08-11 20:26:10,2023-07-11 06:18:50,880,107.0,540.0,5316,2019-08-26 19:04:21,0.3.1,2.0,14.0,14.0,115.0,16,1,-1.0,,,,
40,srez,david-gpu srez.,https://github.com/david-gpu/srez,david-gpu/srez,./screenshots/srez.jpeg,图像超分辨率,True,https://github.com/david-gpu/srez,MIT,2016-08-26 22:22:09,2017-08-16 10:48:45,2016-10-18 02:29:50,654,,,5287,,,,,,4.0,13,3,,22.0,,,
41,PandaOCR,miaomiaosoft PandaOCR.,https://github.com/miaomiaosoft/PandaOCR,miaomiaosoft/PandaOCR,./screenshots/PandaOCR.png,OCR文字识别,True,https://github.com/miaomiaosoft/PandaOCR,,2018-05-16 19:56:02,2022-08-28 13:23:42,2022-08-28 13:23:42,657,59.0,207.0,5022,2022-03-16 06:18:51,2.72,60.0,13.0,13.0,,17,2,,272.0,11796.0,184.0,
42,PaddlePaddle-PaddleClas,PaddlePaddle PaddleClas.,https://github.com/PaddlePaddle/PaddleClas,PaddlePaddle/PaddleClas,./screenshots/PaddlePaddle-PaddleClas.png,图像分类,True,https://github.com/PaddlePaddle/PaddleClas,Apache-2.0,2020-03-30 04:27:42,2023-09-22 08:53:00,2023-09-06 09:13:42,1102,179.0,741.0,5013,2022-12-05 07:52:28,2.5.1,9.0,30.0,30.0,64.0,19,2,,,102.0,3.0,
43,gans-awesome-applications,nashory gans-awesome-applications.,https://github.com/nashory/gans-awesome-applications,nashory/gans-awesome-applications,./screenshots/gans-awesome-applications.png,生成对抗网络GAN,True,https://github.com/nashory/gans-awesome-applications,,2017-10-12 03:19:02,2023-08-24 07:51:31,2020-10-12 06:53:28,786,12.0,2.0,4696,,,,,,6.0,12,3,,33.0,,,
44,image-super-resolution,idealo image-super-resolution.,https://github.com/idealo/image-super-resolution,idealo/image-super-resolution,./screenshots/image-super-resolution.jpeg,图像超分辨率,True,https://github.com/idealo/image-super-resolution,Apache-2.0,2018-11-26 13:41:13,2022-01-23 11:27:35,2021-06-02 09:45:13,697,99.0,112.0,4311,2020-01-08 15:35:45,2.2.0,1.0,115.0,115.0,10.0,18,2,,150.0,,,
45,TNN,Tencent TNN.,https://github.com/Tencent/TNN,Tencent/TNN,./screenshots/TNN.png,模型压缩与优化,True,https://github.com/Tencent/TNN,,2020-05-29 07:20:28,2023-09-25 07:30:24,2023-06-13 07:20:48,709,280.0,647.0,4123,2021-04-26 14:23:12,0.3.0,1.0,,,81.0,17,2,,2510.0,2871.0,99.0,
46,microsoft-VoTT,microsoft VoTT.,https://github.com/microsoft/VoTT,microsoft/VoTT,./screenshots/microsoft-VoTT.png,目标检测,True,https://github.com/microsoft/VoTT,MIT,2016-12-29 13:32:23,2021-12-06 21:10:56,2021-12-06 21:10:56,806,233.0,241.0,4113,2020-06-02 23:16:17,2.2.0,21.0,2.0,2.0,21.0,20,3,,556.0,152435.0,1954.0,
47,awesome-Face_Recognition,ChanChiChoi awesome-Face_Recognition.,https://github.com/ChanChiChoi/awesome-Face_Recognition,ChanChiChoi/awesome-Face_Recognition,./screenshots/awesome-Face_Recognition.jpeg,人脸检测与识别,True,https://github.com/ChanChiChoi/awesome-Face_Recognition,,2018-11-09 06:16:47,2023-02-09 07:02:58,2023-02-09 07:02:34,919,5.0,2.0,4102,,,,,,4.0,12,3,,156.0,,,
48,tensorflow-generative-model-collections,hwalsuklee tensorflow-generative-model-collections.,https://github.com/hwalsuklee/tensorflow-generative-model-collections,hwalsuklee/tensorflow-generative-model-collections,./screenshots/tensorflow-generative-model-collections.png,生成对抗网络GAN,True,https://github.com/hwalsuklee/tensorflow-generative-model-collections,Apache-2.0,2017-08-24 14:24:02,2022-08-08 09:39:51,2018-03-23 00:34:56,841,19.0,8.0,3869,,,,,,6.0,13,3,,76.0,,,
49,facenet-pytorch,timesler facenet-pytorch.,https://github.com/timesler/facenet-pytorch,timesler/facenet-pytorch,./screenshots/facenet-pytorch.gif,人脸检测与识别,True,https://github.com/timesler/facenet-pytorch,MIT,2019-05-25 01:29:24,2023-09-20 14:45:40,2023-09-20 14:45:40,783,59.0,106.0,3734,2023-04-07 19:27:35,2.5.3,7.0,1299.0,1299.0,16.0,27,1,4.0,248.0,678705.0,14754.0,
50,really-awesome-gan,nightrome really-awesome-gan.,https://github.com/nightrome/really-awesome-gan,nightrome/really-awesome-gan,./screenshots/really-awesome-gan.png,生成对抗网络GAN,True,https://github.com/nightrome/really-awesome-gan,,2017-04-03 14:49:43,2022-09-19 11:42:25,2022-09-19 11:42:25,684,,7.0,3627,,,,,,15.0,11,3,,137.0,,,
51,deep-text-recognition-benchmark,clovaai deep-text-recognition-benchmark.,https://github.com/clovaai/deep-text-recognition-benchmark,clovaai/deep-text-recognition-benchmark,./screenshots/chinese_ocr.jpeg,OCR文字识别,True,https://github.com/clovaai/deep-text-recognition-benchmark,Apache-2.0,2019-04-03 07:24:05,2023-08-18 02:33:38,2023-07-16 06:04:32,1023,210.0,160.0,3438,,,,,,14.0,14,3,,148.0,,,
52,open-mmlab-mmtracking,PaddleDetection.,https://github.com/open-mmlab/mmtracking,open-mmlab/mmtracking,./screenshots/open-mmlab-mmtracking.gif,目标检测,True,https://github.com/open-mmlab/mmtracking,Apache-2.0,2020-08-29 06:16:56,2023-09-19 07:31:38,2023-04-25 13:25:18,541,232.0,202.0,3105,2022-10-11 09:03:37,1.0.0rc1,15.0,331.0,331.0,38.0,21,2,,309.0,,,
53,srgan,tensorlayer srgan.,https://github.com/tensorlayer/srgan,tensorlayer/srgan,./screenshots/srgan.jpeg,图像超分辨率,True,https://github.com/tensorlayer/SRGAN,,2017-04-20 17:08:27,2023-03-02 02:05:31,2023-03-02 02:05:31,793,140.0,103.0,3069,2019-07-28 14:45:22,1.4.1,9.0,,,9.0,14,2,,132.0,4892.0,65.0,
54,TuSimple-simpledet,TuSimple simpledet.,https://github.com/TuSimple/simpledet,TuSimple/simpledet,./screenshots/TuSimple-simpledet.png,目标检测,True,https://github.com/tusen-ai/simpledet,Apache-2.0,2019-01-29 08:28:55,2021-09-23 02:57:09,2021-09-23 02:57:09,479,43.0,213.0,3064,,,,,,18.0,13,3,,139.0,,,tusen-ai/simpledet
55,pixel2style2pixel,eladrich pixel2style2pixel.,https://github.com/eladrich/pixel2style2pixel,eladrich/pixel2style2pixel,./screenshots/pixel2style2pixel.png,图图转换ImageTranslation,True,https://github.com/eladrich/pixel2style2pixel,MIT,2020-10-01 11:01:03,2022-10-01 11:23:39,2022-10-01 11:23:39,525,3.0,307.0,3015,,,,,,5.0,13,3,,58.0,,,
56,CHINESE-OCR,xiaofengShi CHINESE-OCR.,https://github.com/xiaofengShi/CHINESE-OCR,xiaofengShi/CHINESE-OCR,./screenshots/CHINESE-OCR.png,OCR文字识别,True,https://github.com/xiaofengShi/CHINESE-OCR,,2018-04-14 14:32:16,2019-08-13 03:48:30,2019-07-06 08:11:15,937,150.0,21.0,2815,,,,,,2.0,10,3,,25.0,,,
57,captcha_trainer,kerlomz captcha_trainer.,https://github.com/kerlomz/captcha_trainer,kerlomz/captcha_trainer,./screenshots/captcha_trainer.png,OCR文字识别,True,https://github.com/kerlomz/captcha_trainer,Apache-2.0,2018-08-17 06:17:47,2022-10-24 21:17:36,2022-10-24 21:17:32,775,61.0,38.0,2780,,,,,,4.0,14,3,,204.0,,,
58,PocketFlow,Tencent PocketFlow.,https://github.com/Tencent/PocketFlow,Tencent/PocketFlow,./screenshots/PocketFlow.png,模型压缩与优化,True,https://github.com/Tencent/PocketFlow,,2018-10-31 07:45:21,2023-03-31 22:23:33,2019-05-28 02:57:14,491,73.0,202.0,2763,,,,,,11.0,12,3,,214.0,,,
59,image-segmentation-keras,divamgupta image-segmentation-keras.,https://github.com/divamgupta/image-segmentation-keras,divamgupta/image-segmentation-keras,./screenshots/image-segmentation-keras.png,图像分割,True,https://github.com/divamgupta/image-segmentation-keras,MIT,2017-03-20 20:48:54,2023-08-05 09:56:15,2023-08-01 03:37:20,1095,150.0,194.0,2741,,,1.0,,,20.0,16,2,,256.0,1430.0,26.0,
60,open-mmlab-mmclassification,open-mmlab mmclassification.,https://github.com/open-mmlab/mmclassification,open-mmlab/mmclassification,./screenshots/open-mmlab-mmclassification.png,图像分类,True,https://github.com/open-mmlab/mmpretrain,Apache-2.0,2020-07-09 16:25:04,2023-09-25 09:20:19,2023-09-04 02:30:28,926,116.0,579.0,2703,2023-07-31 11:36:36,1.0.1,36.0,40.0,40.0,124.0,21,2,,630.0,,,open-mmlab/mmpretrain
61,chinese_ocr,YCG09 chinese_ocr.,https://github.com/YCG09/chinese_ocr,YCG09/chinese_ocr,./screenshots/chinese_ocr.png,OCR文字识别,True,https://github.com/YCG09/chinese_ocr,Apache-2.0,2018-03-16 06:52:08,2019-10-08 03:48:03,2019-10-08 03:48:28,1058,262.0,111.0,2663,,,,,,,12,3,,13.0,,,
62,captcha_break,ypwhs captcha_break.,https://github.com/ypwhs/captcha_break,ypwhs/captcha_break,./screenshots/captcha_break.png,OCR文字识别,True,https://github.com/ypwhs/captcha_break,MIT,2017-02-21 14:04:20,2022-02-25 08:48:08,2020-01-10 13:03:53,645,48.0,18.0,2591,2019-06-18 13:05:05,2.0,2.0,,,2.0,12,3,,12.0,652.0,12.0,
63,NVlabs-MUNIT,NVlabs MUNIT.,https://github.com/NVlabs/MUNIT,NVlabs/MUNIT,./screenshots/NVlabs-MUNIT.jpeg,图图转换ImageTranslation,True,https://github.com/NVlabs/MUNIT,,2018-03-30 21:56:14,2022-09-20 12:23:52,2021-11-11 23:45:33,479,60.0,42.0,2582,,,1.0,,,5.0,11,3,,87.0,,,
64,awesome-image-classification,weiaicunzai awesome-image-classification.,https://github.com/weiaicunzai/awesome-image-classification,weiaicunzai/awesome-image-classification,./screenshots/awesome-image-classification.png,图像分类,True,https://github.com/weiaicunzai/awesome-image-classification,,2012-05-23 14:07:04,2022-04-20 15:52:51,2022-04-20 09:49:35,570,1.0,,2561,,,,,,2.0,10,3,,57.0,,,
65,pytorch-generative-model-collections,znxlwm pytorch-generative-model-collections.,https://github.com/znxlwm/pytorch-generative-model-collections,znxlwm/pytorch-generative-model-collections,./screenshots/pytorch-generative-model-collections.png,生成对抗网络GAN,True,https://github.com/znxlwm/pytorch-generative-model-collections,,2017-08-31 03:58:25,2020-04-12 11:55:29,2018-06-12 09:57:00,527,24.0,5.0,2512,,,,,,2.0,10,3,,87.0,,,
66,UGATIT-pytorch,znxlwm UGATIT-pytorch.,https://github.com/znxlwm/UGATIT-pytorch,znxlwm/UGATIT-pytorch,./screenshots/UGATIT-pytorch.jpeg,图图转换ImageTranslation,True,https://github.com/znxlwm/UGATIT-pytorch,MIT,2019-07-29 07:44:56,2023-03-16 02:38:05,2019-10-15 02:58:17,477,48.0,22.0,2461,,,,,,2.0,11,3,,17.0,,,
67,ctrip-OCR,ctripcorp C-OCR.,https://github.com/ctripcorp/C-OCR,ctripcorp/C-OCR,./screenshots/C-OCR.png,OCR文字识别,True,https://github.com/ctripcorp/C-OCR,,2019-04-11 06:07:08,2019-05-08 09:56:50,2019-05-08 09:56:49,600,15.0,2.0,2313,,,,,,,10,3,,11.0,,,
68,Image_Segmentation,LeeJunHyun Image_Segmentation.,https://github.com/LeeJunHyun/Image_Segmentation,LeeJunHyun/Image_Segmentation,./screenshots/LeeJunHyun-Image_Segmentation.jpeg,图像分割,True,https://github.com/LeeJunHyun/Image_Segmentation,,2018-06-18 08:27:27,2023-06-30 05:20:58,2023-06-30 05:20:58,548,,89.0,2282,,,,,,,10,3,,13.0,,,
69,AutonomousDrivingCookbook,microsoft AutonomousDrivingCookbook.,https://github.com/microsoft/AutonomousDrivingCookbook,microsoft/AutonomousDrivingCookbook,./screenshots/AutonomousDrivingCookbook.jpeg,自动驾驶,True,https://github.com/microsoft/AutonomousDrivingCookbook,MIT,2017-11-30 20:51:02,2023-06-12 19:32:09,2023-06-12 19:32:09,522,32.0,88.0,2190,,,,,,6.0,13,3,,48.0,,,
70,awesome-gan-for-medical-imaging,xinario awesome-gan-for-medical-imaging.,https://github.com/xinario/awesome-gan-for-medical-imaging,xinario/awesome-gan-for-medical-imaging,./screenshots/awesome-gan-for-medical-imaging.png,医疗影像,True,https://github.com/xinario/awesome-gan-for-medical-imaging,,2017-08-23 20:38:25,2022-05-29 21:59:19,2022-05-29 21:59:19,431,,4.0,2150,,,,,,12.0,11,3,,89.0,,,
71,facebookresearch-pycls,facebookresearch pycls.,https://github.com/facebookresearch/pycls,facebookresearch/pycls,./screenshots/facebookresearch-pycls.png,图像分类,True,https://github.com/facebookresearch/pycls,MIT,2019-06-10 22:47:17,2023-08-26 21:36:44,2023-08-26 20:55:56,230,24.0,56.0,2080,2021-05-21 00:29:47,0.2,2.0,14.0,14.0,19.0,16,3,,,,,
72,micronet,666DZY666 micronet.,https://github.com/666DZY666/micronet,666DZY666/micronet,./screenshots/micronet.png,模型压缩与优化,True,https://github.com/666DZY666/micronet,MIT,2019-12-04 15:56:29,2021-10-06 09:46:07,2021-10-06 09:39:17,439,90.0,18.0,2076,,,,1.0,1.0,2.0,13,3,,295.0,,,
73,Awesome-Super-Resolution,ChaofWang Awesome-Super-Resolution.,https://github.com/ChaofWang/Awesome-Super-Resolution,ChaofWang/Awesome-Super-Resolution,./screenshots/Awesome-Super-Resolution.jpeg,图像超分辨率,True,https://github.com/ChaofWang/Awesome-Super-Resolution,,2019-04-20 15:32:50,2023-08-10 06:06:27,2023-08-10 06:06:27,314,2.0,5.0,2003,,,,,,5.0,13,3,,255.0,,,
74,awesome-autonomous-vehicles,manfreddiaz awesome-autonomous-vehicles.,https://github.com/manfreddiaz/awesome-autonomous-vehicles,manfreddiaz/awesome-autonomous-vehicles,./screenshots/awesome-autonomous-vehicles.jpeg,自动驾驶,True,https://github.com/manfreddiaz/awesome-autonomous-vehicles,,2016-12-09 20:07:33,2023-05-31 18:54:08,2023-05-31 18:54:08,516,,5.0,1972,,,,,,10.0,11,3,,77.0,,,
75,ObjectDetection-OneStageDet,Tencent ObjectDetection-OneStageDet.,https://github.com/Tencent/ObjectDetection-OneStageDet,Tencent/ObjectDetection-OneStageDet,./screenshots/ObjectDetection-OneStageDet.png,目标检测,True,https://github.com/Tencent/ObjectDetection-OneStageDet,,2018-12-19 04:01:16,2020-06-03 07:39:32,2020-06-03 07:39:31,494,51.0,54.0,1952,,,,,,2.0,9,3,,3.0,,,
76,medical-imaging-datasets,sfikas medical-imaging-datasets.,https://github.com/sfikas/medical-imaging-datasets,sfikas/medical-imaging-datasets,./screenshots/medical-imaging-datasets.png,医疗影像,True,https://github.com/sfikas/medical-imaging-datasets,,2017-05-11 10:14:19,2022-05-13 08:07:43,2021-12-14 05:30:14,358,3.0,2.0,1834,,,,,,8.0,11,3,,29.0,,,
77,Single-Image-Super-Resolution,YapengTian Single-Image-Super-Resolution.,https://github.com/YapengTian/Single-Image-Super-Resolution,YapengTian/Single-Image-Super-Resolution,./screenshots/Single-Image-Super-Resolution.png,图像超分辨率,True,https://github.com/YapengTian/Single-Image-Super-Resolution,,2016-10-09 16:11:13,2023-06-20 16:54:31,2023-06-20 16:54:31,352,1.0,,1783,,,,,,10.0,11,3,,144.0,,,
78,aimet,quic aimet.,https://github.com/quic/aimet,quic/aimet,./screenshots/aimet.png,模型压缩与优化,True,https://github.com/quic/aimet,,2020-04-21 18:57:10,2023-09-21 06:43:37,2023-09-20 08:16:05,324,105.0,980.0,1657,2023-09-06 10:04:41,1.28.0,25.0,,,52.0,17,2,5.0,1.0,49306.0,1494.0,
79,pytorch_GAN_zoo,facebookresearch pytorch_GAN_zoo.,https://github.com/facebookresearch/pytorch_GAN_zoo,facebookresearch/pytorch_GAN_zoo,./screenshots/pytorch_GAN_zoo.png,生成对抗网络GAN,True,https://github.com/facebookresearch/pytorch_GAN_zoo,BSD-3-Clause,2019-01-17 09:52:30,2021-10-12 21:33:09,2020-05-14 15:13:10,255,31.0,34.0,1564,,,,,,5.0,12,3,,,,,
80,facebookresearch-ClassyVision,facebookresearch ClassyVision.,https://github.com/facebookresearch/ClassyVision,facebookresearch/ClassyVision,./screenshots/facebookresearch-ClassyVision.png,图像分类,True,https://github.com/facebookresearch/ClassyVision,MIT,2019-09-13 22:54:44,2023-05-08 19:21:37,2023-03-23 14:35:34,274,13.0,64.0,1563,2023-03-21 05:24:19,0.7.0,7.0,,,77.0,15,3,-2.0,,,,
81,gen-efficientnet-pytorch,rwightman gen-efficientnet-pytorch.,https://github.com/rwightman/gen-efficientnet-pytorch,rwightman/gen-efficientnet-pytorch,./screenshots/gen-efficientnet-pytorch.png,图像分类,True,https://github.com/rwightman/gen-efficientnet-pytorch,Apache-2.0,2019-05-11 19:35:56,2022-07-01 09:55:35,2021-07-08 19:03:55,203,4.0,51.0,1541,,,,194.0,194.0,5.0,17,3,,108.0,,,
82,VideoSuperResolution,LoSealL VideoSuperResolution.,https://github.com/LoSealL/VideoSuperResolution,LoSealL/VideoSuperResolution,./screenshots/VideoSuperResolution.jpeg,图像超分辨率,True,https://github.com/LoSealL/VideoSuperResolution,MIT,2018-06-04 08:42:05,2020-09-11 14:36:45,2020-07-29 09:57:52,287,8.0,88.0,1527,2019-03-15 08:36:20,0.6.4,1.0,,,2.0,14,2,,456.0,,,
83,Deep-Learning-for-Medical-Applications,albarqouni Deep-Learning-for-Medical-Applications.,https://github.com/albarqouni/Deep-Learning-for-Medical-Applications,albarqouni/Deep-Learning-for-Medical-Applications,./screenshots/Deep-Learning-for-Medical-Applications.png,医疗影像,True,https://github.com/albarqouni/Deep-Learning-for-Medical-Applications,GPL-3.0,2017-03-11 12:28:04,2022-04-01 08:51:47,2019-04-09 06:32:22,472,1.0,1.0,1490,,,,,,11.0,12,3,,50.0,,,
84,DeepFace,RiweiChen DeepFace.,https://github.com/RiweiChen/DeepFace,RiweiChen/DeepFace,./screenshots/DeepFace.jpeg,人脸检测与识别,True,https://github.com/RiweiChen/DeepFace,,2015-11-12 13:42:57,2016-09-11 09:12:56,2016-09-11 09:09:48,614,15.0,22.0,1480,,,,,,2.0,10,3,,25.0,,,
85,MedicalZooPytorch,black0017-MedicalZooPytorch.,https://github.com/black0017/MedicalZooPytorch,black0017/MedicalZooPytorch,./screenshots/MedicalZooPytorch.png,图像分割,True,https://github.com/black0017/MedicalZooPytorch,MIT,2019-07-23 11:00:46,2022-04-01 08:28:23,2022-02-07 10:14:05,272,17.0,5.0,1474,,,,,,5.0,13,3,,122.0,,,
86,MedicalZoo-Pytorch,black0017 MedicalZooPytorch.,https://github.com/black0017/MedicalZooPytorch,black0017/MedicalZooPytorch,./screenshots/MedicalZooPytorch.png,医疗影像,True,https://github.com/black0017/MedicalZooPytorch,MIT,2019-07-23 11:00:46,2022-04-01 08:28:23,2022-02-07 10:14:05,272,17.0,5.0,1474,,,,,,5.0,13,2,,122.0,,,
87,PaddleSlim,PaddlePaddle PaddleSlim.,https://github.com/PaddlePaddle/PaddleSlim,PaddlePaddle/PaddleSlim,./screenshots/PaddleSlim.png,模型压缩与优化,True,https://github.com/PaddlePaddle/PaddleSlim,Apache-2.0,2019-12-16 02:56:50,2023-09-24 05:41:22,2023-08-25 08:06:08,343,344.0,160.0,1441,2023-01-05 06:29:16,2.4.1,8.0,347.0,347.0,53.0,20,2,,,,,
88,model-optimization,tensorflow model-optimization.,https://github.com/tensorflow/model-optimization,tensorflow/model-optimization,./screenshots/model-optimization.png,模型压缩与优化,True,https://github.com/tensorflow/model-optimization,Apache-2.0,2018-10-31 20:34:28,2023-09-14 23:00:07,2023-09-14 23:00:02,305,168.0,163.0,1434,2023-05-26 02:36:01,0.7.5,20.0,3173.0,3173.0,82.0,24,2,,815.0,,,
89,super-resolution,krasserm super-resolution.,https://github.com/krasserm/super-resolution,krasserm/super-resolution,./screenshots/super-resolution.jpeg,图像超分辨率,True,https://github.com/krasserm/super-resolution,Apache-2.0,2018-10-17 10:46:49,2022-05-13 11:47:05,2022-05-13 11:45:33,343,52.0,50.0,1432,,,,,,,13,3,,65.0,,,
90,DLTK,DLTK DLTK.,https://github.com/DLTK/DLTK,DLTK/DLTK,./screenshots/DLTK.jpeg,医疗影像,True,https://github.com/DLTK/DLTK,Apache-2.0,2017-05-02 15:40:36,2023-03-24 22:27:46,2019-01-21 14:01:28,400,7.0,24.0,1396,,,,31.0,31.0,9.0,16,2,,379.0,,,
91,bottom-up-attention,peteanderson80 bottom-up-attention.,https://github.com/peteanderson80/bottom-up-attention,peteanderson80/bottom-up-attention,./screenshots/bottom-up-attention.jpeg,图文转换ImageCaptioning与视觉问答VQA,True,https://github.com/peteanderson80/bottom-up-attention,MIT,2017-05-26 23:00:39,2023-02-03 04:27:32,2021-02-14 19:08:48,348,65.0,48.0,1364,,,,,,5.0,13,1,,55.0,,,
92,DBFace,dlunion DBFace.,https://github.com/dlunion/DBFace,dlunion/DBFace,./screenshots/DBFace.png,人脸检测与识别,True,https://github.com/dlunion/DBFace,,2020-03-21 07:00:43,2021-07-06 06:03:28,2021-07-06 06:03:28,291,37.0,16.0,1318,,,,,,5.0,11,3,,55.0,,,
93,LFFD-A-Light-and-Fast-Face-Detector-for-Edge-Devices,YonghaoHe LFFD-A-Light-and-Fast-Face-Detector-for-Edge-Devices.,https://github.com/YonghaoHe/LFFD-A-Light-and-Fast-Face-Detector-for-Edge-Devices,YonghaoHe/LFFD-A-Light-and-Fast-Face-Detector-for-Edge-Devices,./screenshots/LFFD-A-Light-and-Fast-Face-Detector-for-Edge-Devices.png,行人检测,True,https://github.com/YonghaoHe/LFFD-A-Light-and-Fast-Face-Detector-for-Edge-Devices,MIT,2019-07-23 03:29:59,2021-03-08 16:10:22,2021-03-08 16:10:22,326,44.0,59.0,1294,,,,,,3.0,12,2,,18.0,,,
94,pytorch_image_classification,hysts pytorch_image_classification.,https://github.com/hysts/pytorch_image_classification,hysts/pytorch_image_classification,./screenshots/pytorch_image_classification.png,图像分类,True,https://github.com/hysts/pytorch_image_classification,MIT,2017-12-09 22:32:57,2021-12-12 18:03:27,2021-12-12 18:02:19,285,,29.0,1252,,,,,,,14,3,,185.0,,,
95,medical-detection-toolkit,MIC-DKFZ medicaldetectiontoolkit.,https://github.com/MIC-DKFZ/medicaldetectiontoolkit,MIC-DKFZ/medicaldetectiontoolkit,./screenshots/medicaldetectiontoolkit.png,图像分割,True,https://github.com/MIC-DKFZ/medicaldetectiontoolkit,Apache-2.0,2018-10-12 12:34:57,2023-07-18 12:33:22,2022-04-04 08:29:54,292,39.0,85.0,1225,,,,,,3.0,14,3,,41.0,,,
96,microsoft-Oscar,microsoft Oscar.,https://github.com/microsoft/Oscar,microsoft/Oscar,./screenshots/microsoft-Oscar.png,图文转换ImageCaptioning与视觉问答VQA,True,https://github.com/microsoft/Oscar,MIT,2020-05-14 18:14:43,2023-08-28 01:34:59,2023-08-28 01:34:58,242,133.0,64.0,995,,,,,,6.0,13,1,,28.0,,,
97,awesome-image-captioning,zhjohnchan awesome-image-captioning.,https://github.com/zhjohnchan/awesome-image-captioning,zhjohnchan/awesome-image-captioning,./screenshots/awesome-image-captioning.png,图文转换ImageCaptioning与视觉问答VQA,True,https://github.com/zhjohnchan/awesome-image-captioning,,2018-08-16 07:52:51,2023-03-28 09:36:40,2022-05-25 08:45:24,186,2.0,7.0,993,,,,,,7.0,10,3,,60.0,,,
98,instagan,sangwoomo instagan.,https://github.com/sangwoomo/instagan,sangwoomo/instagan,./screenshots/instagan.png,图图转换ImageTranslation,True,https://github.com/sangwoomo/instagan,,2018-12-16 20:00:10,2021-10-28 20:16:02,2021-10-28 20:16:02,160,11.0,53.0,838,,,,,,31.0,12,3,,321.0,,,
99,medicaltorch,perone medicaltorch.,https://github.com/perone/medicaltorch,perone/medicaltorch,./screenshots/medicaltorch.png,医疗影像,True,https://github.com/perone/medicaltorch,Apache-2.0,2018-02-27 02:50:07,2022-12-27 06:48:51,2021-04-16 18:50:54,118,15.0,9.0,823,2018-11-24 00:33:11,0.2,1.0,14.0,14.0,8.0,13,2,,57.0,,,
100,DRIT,HsinYingLee DRIT.,https://github.com/HsinYingLee/DRIT,HsinYingLee/DRIT,./screenshots/DRIT.jpeg,图图转换ImageTranslation,True,https://github.com/HsinYingLee/DRIT,,2018-03-26 00:31:06,2020-08-05 02:33:28,2020-07-07 20:47:25,151,27.0,34.0,815,,,,,,5.0,10,3,,105.0,,,
101,SMARTS,huawei-noah SMARTS.,https://github.com/huawei-noah/SMARTS,huawei-noah/SMARTS,./screenshots/SMARTS.png,自动驾驶,True,https://github.com/huawei-noah/SMARTS,MIT,2020-10-07 02:11:23,2023-09-19 15:59:57,2023-09-18 23:10:09,172,212.0,749.0,796,2023-08-08 14:30:24,1.4.0,35.0,,,17.0,17,2,,684.0,123.0,3.0,
102,Data-Efficient-Model-Compression,huawei-noah Data-Efficient-Model-Compression.,https://github.com/huawei-noah/Data-Efficient-Model-Compression,huawei-noah/Data-Efficient-Model-Compression,./screenshots/Data-Efficient-Model-Compression.png,模型压缩与优化,True,https://github.com/huawei-noah/Efficient-Computing,,2019-09-04 10:39:36,2023-09-22 09:12:59,2023-09-22 09:12:58,146,12.0,42.0,761,,,,,,13.0,10,3,-2.0,139.0,,,huawei-noah/Efficient-Computing
103,pytorch-segmentation-detection,pytorch-segmentation-detection.,https://github.com/warmspringwinds/pytorch-segmentation-detection,warmspringwinds/pytorch-segmentation-detection,./screenshots/pytorch-segmentation-detection.png,图像分割,True,https://github.com/warmspringwinds/pytorch-segmentation-detection,MIT,2017-06-10 16:57:15,2022-03-28 17:43:02,2022-03-28 17:43:02,170,14.0,6.0,738,,,,,,4.0,13,3,,266.0,,,
104,Pedestron,hasanirtiza Pedestron.,https://github.com/hasanirtiza/Pedestron,hasanirtiza/Pedestron,./screenshots/Pedestron.png,行人检测,True,https://github.com/hasanirtiza/Pedestron,Apache-2.0,2020-03-15 05:52:52,2023-04-06 13:46:27,2023-04-06 13:46:27,144,,156.0,648,,,,,,54.0,13,1,,742.0,,,
105,Awesome-model-compression-and-acceleration,memoiry Awesome-model-compression-and-acceleration.,https://github.com/memoiry/Awesome-model-compression-and-acceleration,memoiry/Awesome-model-compression-and-acceleration,./screenshots/Awesome-model-compression-and-acceleration.png,模型压缩与优化,True,https://github.com/memoiry/Awesome-model-compression-and-acceleration,,2018-03-19 07:31:31,2021-08-25 14:37:18,2021-08-25 14:37:18,120,2.0,,641,,,,,,6.0,8,3,,13.0,,,
106,awesome-visual-question-answering,jokieleung awesome-visual-question-answering.,https://github.com/jokieleung/awesome-visual-question-answering,jokieleung/awesome-visual-question-answering,./screenshots/awesome-visual-question-answering.jpeg,图文转换ImageCaptioning与视觉问答VQA,True,https://github.com/jokieleung/awesome-visual-question-answering,,2019-03-03 13:32:39,2023-07-06 00:38:03,2023-02-09 11:41:41,91,,2.0,601,,,,,,8.0,10,3,,36.0,,,
107,MITK,MITK MITK.,https://github.com/MITK/MITK,MITK/MITK,./screenshots/MITK.jpeg,医疗影像,True,https://github.com/MITK/MITK,BSD-3-Clause,2011-05-17 13:21:51,2023-09-13 10:09:40,2023-05-17 12:06:48,292,,,591,2023-07-31 12:32:39,2023.04.2,7.0,,,300.0,21,1,,43857.0,1766.0,32.0,
108,Awesome-Autonomous-Driving,autonomousdrivingkr Awesome-Autonomous-Driving.,https://github.com/autonomousdrivingkr/Awesome-Autonomous-Driving,autonomousdrivingkr/Awesome-Autonomous-Driving,./screenshots/Awesome-Autonomous-Driving.gif,自动驾驶,True,https://github.com/autonomousdrivingkr/Awesome-Autonomous-Driving,,2019-02-10 19:21:45,2023-03-14 12:03:56,2023-03-14 12:03:56,132,,,491,,,,,,8.0,9,3,,45.0,,,
109,meshed-memory-transformer,aimagelab meshed-memory-transformer.,https://github.com/aimagelab/meshed-memory-transformer,aimagelab/meshed-memory-transformer,./screenshots/meshed-memory-transformer.png,图文转换ImageCaptioning与视觉问答VQA,True,https://github.com/aimagelab/meshed-memory-transformer,BSD-3-Clause,2019-12-12 18:02:41,2022-12-21 15:22:39,2022-12-21 15:22:39,132,42.0,48.0,471,,,,,,3.0,10,3,,10.0,,,
110,NVIDIA-tf_to_trt_image_classification,NVIDIA-AI-IOT tf_to_trt_image_classification.,https://github.com/NVIDIA-AI-IOT/tf_to_trt_image_classification,NVIDIA-AI-IOT/tf_to_trt_image_classification,./screenshots/tf_to_trt_image_classification.png,图像分类,True,https://github.com/NVIDIA-AI-IOT/tf_to_trt_image_classification,BSD-3-Clause,2018-03-01 23:52:57,2020-11-10 02:45:21,2018-11-01 23:28:15,150,33.0,14.0,454,,,,,,3.0,12,3,,28.0,,,
111,conceptual-captions,google-research-datasets conceptual-captions.,https://github.com/google-research-datasets/conceptual-captions,google-research-datasets/conceptual-captions,./screenshots/conceptual-captions.png,图文转换ImageCaptioning与视觉问答VQA,True,https://github.com/google-research-datasets/conceptual-captions,,2018-05-10 22:24:40,2021-08-21 16:18:14,2021-01-13 20:07:51,22,5.0,11.0,453,,,,,,6.0,8,3,,12.0,,,
112,Awesome-Visual-Captioning,forence Awesome-Visual-Captioning.,https://github.com/forence/Awesome-Visual-Captioning,forence/Awesome-Visual-Captioning,./screenshots/Awesome-Visual-Captioning.png,图文转换ImageCaptioning与视觉问答VQA,True,https://github.com/forence/Awesome-Visual-Captioning,,2019-01-14 09:12:59,2022-11-14 03:24:29,2022-11-14 03:24:29,49,,4.0,401,,,,,,,9,3,,67.0,,,
113,Pedestrian-Detection,thatbrguy Pedestrian-Detection.,https://github.com/thatbrguy/Pedestrian-Detection,thatbrguy/Pedestrian-Detection,./screenshots/Pedestrian-Detection.jpeg,行人检测,True,https://github.com/thatbrguy/Pedestrian-Detection,,2018-07-30 12:39:13,2019-09-04 13:12:32,2018-08-25 04:51:40,134,3.0,8.0,347,,,,,,,8,3,,19.0,,,
114,PedestrianDetectionSystem,zhangpengpengpeng PedestrianDetectionSystem.,https://github.com/zhangpengpengpeng/PedestrianDetectionSystem,zhangpengpengpeng/PedestrianDetectionSystem,./screenshots/PedestrianDetectionSystem.jpeg,行人检测,True,https://github.com/WebPrague/PedestrianDetectionSystem,Apache-2.0,2018-12-03 11:10:37,2023-02-27 07:01:35,2023-02-27 07:01:35,117,1.0,27.0,302,2019-01-18 02:12:57,1.0,1.0,,,5.0,11,3,,109.0,557.0,9.0,WebPrague/PedestrianDetectionSystem
115,MILVLG-openvqa,MILVLG openvqa.,https://github.com/MILVLG/openvqa,MILVLG/openvqa,./screenshots/MILVLG-openvqa.png,图文转换ImageCaptioning与视觉问答VQA,True,https://github.com/MILVLG/openvqa,Apache-2.0,2019-07-04 03:32:35,2021-09-03 12:54:09,2021-09-03 12:54:08,60,5.0,23.0,294,,,,,,8.0,12,2,,254.0,,,
116,Pedestrian-Detection-papers,xingkongliang Pedestrian-Detection.,https://github.com/xingkongliang/Pedestrian-Detection,xingkongliang/Pedestrian-Detection,./screenshots/Pedestrian-Detection-papers.png,行人检测,True,https://github.com/xingkongliang/Pedestrian-Detection,,2018-09-18 09:22:28,2020-04-29 04:13:17,2020-04-29 04:13:16,52,1.0,1.0,257,,,,,,,8,3,,13.0,,,
117,image-captioning,JDAI-CV image-captioning.,https://github.com/JDAI-CV/image-captioning,JDAI-CV/image-captioning,./screenshots/JDAI-CV-image-captioning.png,图文转换ImageCaptioning与视觉问答VQA,True,https://github.com/JDAI-CV/image-captioning,,2020-03-26 09:33:13,2021-07-27 06:06:31,2021-07-27 06:06:31,49,4.0,28.0,256,,,,,,2.0,7,3,,9.0,,,
118,Image-Caption-Generator,dabasajay Image-Caption-Generator.,https://github.com/dabasajay/Image-Caption-Generator,dabasajay/Image-Caption-Generator,./screenshots/Image-Caption-Generator.jpeg,图文转换ImageCaptioning与视觉问答VQA,True,https://github.com/dabasajay/Image-Caption-Generator,MIT,2018-08-10 13:33:49,2020-10-01 07:13:57,2019-11-22 12:21:54,71,12.0,5.0,241,,,,,,3.0,11,2,,88.0,,,
